10.0 0.000100173296841 0.000100513245416
20.0 0.000205576668217 0.000208200447666
30.0 0.000309541927405 0.000319065830724
40.0 0.000407875938092 0.000431825785136
50.0 0.000497609595663 0.000545878633708
60.0 0.000576990965368 0.000660885628567
70.0 0.000645398122005 0.000776632764604
80.0 0.000703093217119 0.000892970042773
90.0 0.000750921855184 0.0010097732254
100.0 0.000790039660972 0.00112690468442
110.0 0.000821704894987 0.00124416029577
120.0 0.000847142748156 0.00136120009219
130.0 0.00086746801265 0.00147747298149
140.0 0.000883651317355 0.00159216062266
150.0 0.000896512141401 0.00170417028982
160.0 0.000906727289702 0.00181219608638
170.0 0.000914846856108 0.00191484452584
180.0 0.000921312721395 0.00201079587972
190.0 0.000926476273466 0.0020989607857
200.0 0.000930616666834 0.00217859230671
210.0 0.000933953174513 0.0022493348653
220.0 0.000936657929275 0.00231121586287
230.0 0.000938865752239 0.00236458889998
240.0 0.000940682087431 0.00241005149706
250.0 0.000942189410926 0.00244835582902
260.0 0.000943452009755 0.0024803331725
270.0 0.000944520200062 0.00250682406546
280.0 0.000945433332223 0.00252863445425
290.0 0.000946222213492 0.00254650622435
300.0 0.000946910998005 0.00256110141296
310.0 0.000947518658803 0.00257299663659
320.0 0.000948060132987 0.00258268450128
330.0 0.00094854721193 0.00259057933368
340.0 0.00094898923304 0.00259702522485
350.0 0.000949393617233 0.00260230497862
360.0 0.000949766286593 0.00260664904625
370.0 0.000950111989033 0.00261024389842
380.0 0.000950434550797 0.00261323954736
390.0 0.000950737072996 0.00261575610652
400.0 0.000951022084715 0.00261788938531
410.0 0.000951291662424 0.00261971557983
420.0 0.0009515475321 0.00262129514447
430.0 0.000951791111528 0.00262267599488
440.0 0.000952023603788 0.00262389605091
450.0 0.000952246026993 0.00262498532209
460.0 0.000952459249832 0.00262596756692
470.0 0.000952664019602 0.00262686161428
480.0 0.000952860984361 0.00262768241127
490.0 0.000953050710513 0.00262844185135
500.0 0.000953233695318 0.00262914942717
510.0 0.000953410383216 0.00262981274324
520.0 0.000953581163735 0.00263043792008
530.0 0.000953746403877 0.00263102990648
540.0 0.000953906415802 0.00263159273197
550.0 0.000954061492079 0.00263212969661
560.0 0.000954211896571 0.00263264352365
570.0 0.0009543578729 0.00263313647793
580.0 0.000954499645093 0.00263361045882
590.0 0.000954637419897 0.0026340670731
600.0 0.000954771388735 0.0026345076921
610.0 0.000954901728243 0.00263493349674
620.0 0.000955028605458 0.00263534551294
630.0 0.000955152175676 0.0026357446397
640.0 0.000955272581699 0.00263613167129
650.0 0.000955389954245 0.00263650731503
660.0 0.000955504427081 0.00263687220522
670.0 0.00095561612325 0.00263722691468
680.0 0.000955725148225 0.00263757196388
690.0 0.000955831608421 0.00263790782828
700.0 0.00095593560414 0.00263823494443
710.0 0.000956037230077 0.00263855371496
720.0 0.000956136575758 0.00263886451271
730.0 0.000956233725934 0.00263916768413
740.0 0.000956328760919 0.00263946355222
750.0 0.000956421756906 0.00263975241891
760.0 0.000956512786244 0.00264003456719
770.0 0.000956601917697 0.00264031026284
780.0 0.000956689216668 0.00264057975603
790.0 0.000956774745423 0.00264084328259
800.0 0.000956858563276 0.00264110106523
810.0 0.000956940726777 0.0026413533146
820.0 0.000957021289873 0.00264160023015
830.0 0.000957100304066 0.002641842001
840.0 0.000957177818551 0.00264207880667
850.0 0.000957253877248 0.00264231081771
860.0 0.000957328529595 0.00264253819638
870.0 0.000957401818101 0.00264276109711
880.0 0.000957473783646 0.00264297966708
890.0 0.000957544465504 0.00264319404661
900.0 0.000957613901397 0.00264340436963
910.0 0.000957682127543 0.00264361076401
920.0 0.000957749178725 0.00264381335198
930.0 0.000957815088352 0.0026440122504
940.0 0.000957879888525 0.00264420757109
950.0 0.000957943610094 0.00264439942114
960.0 0.000958006282722 0.00264458790312
970.0 0.000958067934943 0.00264477311538
980.0 0.000958128603432 0.00264495515219
990.0 0.000958188300467 0.00264513410408
1000.0 0.000958247053617 0.00264531005796
1010.0 0.000958304888691 0.00264548309731
1020.0 0.000958361830088 0.00264565330235
1030.0 0.000958417901042 0.00264582075025
1040.0 0.00095847312378 0.00264598551523
1050.0 0.000958527519638 0.00264614766872
1060.0 0.000958581109148 0.00264630727949
1070.0 0.000958633912098 0.00264646441376
1080.0 0.00095868594758 0.00264661913535
1090.0 0.000958737234032 0.00264677150576
1100.0 0.000958787789272 0.0026469215843
1110.0 0.000958837630526 0.00264706942818
1120.0 0.000958886774457 0.00264721509264
1130.0 0.000958935237189 0.00264735863099
1140.0 0.000958983034326 0.00264750009474
1150.0 0.000959030180981 0.00264763953366
1160.0 0.000959076691787 0.00264777699585
1170.0 0.000959122580924 0.00264791252785
1180.0 0.000959167862131 0.00264804617463
1190.0 0.000959212548727 0.00264817797973
1200.0 0.000959256653625 0.00264830798528
1210.0 0.000814451680755 0.00248778308858
