30.0 0.000306203999835 0.000332595233054
60.0 0.00054913229681 0.000677480451605
90.0 0.000712616086464 0.00102586899371
120.0 0.000812837038262 0.00136727921875
150.0 0.000871301845239 0.00168354994766
180.0 0.000904652528207 0.00195471090714
210.0 0.000923604702097 0.00216891146109
240.0 0.00093449270439 0.00232615998279
270.0 0.000940903867949 0.00243496663421
300.0 0.00094482685469 0.00250698915943
330.0 0.000947353311238 0.00255321759046
360.0 0.000949081739572 0.00258235137928
390.0 0.000950341320507 0.00260060046015
420.0 0.000951314860369 0.00261210944483
450.0 0.000952105546373 0.00261951976387
480.0 0.000952773027303 0.00262446075621
510.0 0.000953352761857 0.00262791447033
540.0 0.000953866614424 0.00263046367363
570.0 0.000954328886853 0.00263245114872
600.0 0.000954749169291 0.00263407816483
630.0 0.000955134499073 0.00263546357968
660.0 0.000955489894608 0.00263667864553
690.0 0.000955819296188 0.00263776712805
720.0 0.000956125954348 0.00263875686138
750.0 0.000956412566153 0.00263966634006
780.0 0.000956681026048 0.00264050845825
810.0 0.000956933372727 0.00264129266232
840.0 0.000957171203044 0.00264202618912
870.0 0.000957395899627 0.00264271479178
900.0 0.0009576085524 0.00264336318019
930.0 0.000957810224064 0.00264397530839
960.0 0.000958001839604 0.0026445545543
990.0 0.000958184213974 0.00264510383951
1020.0 0.000958358031392 0.00264562571273
1050.0 0.000958524005644 0.00264612242124
1080.0 0.000958682695831 0.00264659595334
1110.0 0.000958834615753 0.00264704807765
1140.0 0.000958980232984 0.00264748037588
1170.0 0.000959120041472 0.00264789427177
1200.0 0.000959254303093 0.00264829103945
1230.0 0.000622966202746 0.00220428326336
