5.0 4.51708337957e-05 4.51838691845e-05
10.0 9.53249696392e-05 9.54404918925e-05
15.0 0.000147467978988 0.000147944427824
20.0 0.00020042810392 0.000201788028949
25.0 0.000253437660223 0.0002565458623
30.0 0.000305865532822 0.000311978553844
35.0 0.000357153481687 0.00036793574487
40.0 0.000406807956821 0.00042431572275
45.0 0.000454407444706 0.000481045901138
50.0 0.000499611244627 0.000538072338543
55.0 0.000542164413397 0.000595353655375
60.0 0.000581897175074 0.000652857283971
65.0 0.000618720680648 0.0007105570405
70.0 0.000652617336779 0.000768431482851
75.0 0.000683629498537 0.000826462744433
80.0 0.000711848322189 0.000884635653227
85.0 0.000737401705397 0.000942936991295
90.0 0.000760443432521 0.00100135477394
95.0 0.000781143669254 0.00105987742756
100.0 0.000799681007928 0.00111849273973
105.0 0.00081623608517 0.00117718645398
110.0 0.00083098667427 0.00123594039576
115.0 0.000844104085633 0.00129473005636
120.0 0.000855750677736 0.00135352163319
125.0 0.000866078276516 0.00141226862779
130.0 0.000875227313191 0.00147090822616
135.0 0.000883326511724 0.00152935780987
140.0 0.000890492982248 0.0015875120441
145.0 0.000896832602167 0.00164524103219
150.0 0.000902440590404 0.00170238999314
155.0 0.00090740220123 0.00175878080127
160.0 0.000911793481892 0.0018142155352
165.0 0.00091568205292 0.00186848194462
170.0 0.000919127881703 0.00192136049909
175.0 0.000922184029149 0.00197263247672
180.0 0.000924897356294 0.00202208841965
185.0 0.000927309183031 0.00206953624797
190.0 0.000929455895035 0.00211480838491
195.0 0.000931369497742 0.00215776738697
200.0 0.00093307811822 0.00219830976205
205.0 0.000934606457009 0.00223636786275
210.0 0.000935976192884 0.00227190992993
215.0 0.000937206343909 0.0023049385099
220.0 0.000938313588382 0.00233548756676
225.0 0.000939312549297 0.00236361865765
230.0 0.00094021604583 0.00238941653944
235.0 0.00094103531525 0.00241298454233
240.0 0.000941780208356 0.00243443999066
245.0 0.000942459361371 0.00245390988646
250.0 0.000943080346941 0.0024715270052
255.0 0.000943649806632 0.00248742649377
260.0 0.000944173567098 0.0025017430096
265.0 0.000944656741871 0.00251460840128
270.0 0.000945103820474 0.00252614990208
275.0 0.000945518746426 0.00253648878963
280.0 0.000945904985471 0.00254573945459
285.0 0.000946265585262 0.00255400881718
290.0 0.000946603227533 0.00256139603101
295.0 0.000946920273716 0.00256799241744
300.0 0.000947218804813 0.00257388157915
305.0 0.000947500656238 0.00257913964827
310.0 0.000947767448275 0.0025838356309
315.0 0.000948020612691 0.00258803181656
320.0 0.000948261416005 0.00259178422703
325.0 0.000948490979817 0.00259514308437
330.0 0.000948710298583 0.00259815328253
335.0 0.000948920255155 0.00260085485087
340.0 0.000949121634372 0.00260328340123
345.0 0.000949315134941 0.0026054705526
350.0 0.000949501379831 0.00260744432979
355.0 0.000949680925376 0.00260922953383
360.0 0.000949854269228 0.00261084808347
365.0 0.000950021857334 0.00261231932759
370.0 0.000950184090034 0.00261366032949
375.0 0.000950341327415 0.00261488612415
380.0 0.00095049389399 0.00261600994997
385.0 0.000950642082818 0.00261704345681
390.0 0.000950786159098 0.00261799689204
395.0 0.000950926363342 0.00261887926647
400.0 0.000951062914146 0.00261969850183
405.0 0.000951196010639 0.00262046156176
410.0 0.00095132583462 0.00262117456769
415.0 0.000951452552452 0.00262184290134
420.0 0.000951576314833 0.00262247129751
425.0 0.000951697264527 0.00262306391592
430.0 0.000951815530637 0.00262362441985
435.0 0.000951931232419 0.00262415603467
440.0 0.00095204448028 0.00262466160192
445.0 0.000952155376664 0.00262514362682
450.0 0.000952264016832 0.00262560431991
455.0 0.000952370491254 0.00262604563258
460.0 0.000952474880595 0.00262646929212
465.0 0.000952577262559 0.0026268768263
470.0 0.000952677709978 0.00262726958908
475.0 0.000952776289653 0.00262764878259
480.0 0.000952873068037 0.00262801547401
485.0 0.000952968105671 0.00262837061393
490.0 0.000953061459739 0.00262871504995
495.0 0.000953153184349 0.00262904953917
500.0 0.000953243330773 0.00262937475915
505.0 0.000953331947666 0.00262969131744
510.0 0.000953419081267 0.00262999976
515.0 0.000953504775576 0.00263030057847
520.0 0.000953589072517 0.00263059421659
525.0 0.000953672012081 0.00263088107579
530.0 0.000953753632463 0.00263116152013
535.0 0.000953833970179 0.00263143588055
540.0 0.000953913060178 0.00263170445867
545.0 0.000953990935939 0.00263196753006
550.0 0.000954067629568 0.00263222534717
555.0 0.000954143171874 0.00263247814182
560.0 0.00095421759245 0.0026327261275
565.0 0.000954290919745 0.00263296950128
570.0 0.000954363181125 0.00263320844554
575.0 0.000954434402933 0.0026334431295
580.0 0.000954504610547 0.00263367371059
585.0 0.000954573828428 0.00263390033556
590.0 0.000954642080169 0.00263412314159
595.0 0.000954709389688 0.00263434225716
600.0 0.000954775776331 0.00263455780297
605.0 0.000954841262907 0.00263476989249
610.0 0.000954905869927 0.00263497863275
615.0 0.000954969617224 0.00263518412484
620.0 0.00095503252399 0.00263538646447
625.0 0.000955094608804 0.00263558574235
630.0 0.000955155889654 0.00263578204466
635.0 0.000955216383967 0.00263597545337
640.0 0.00095527610863 0.00263616604662
645.0 0.000955335080014 0.00263635389891
650.0 0.000955393313995 0.00263653908148
655.0 0.000955450825971 0.00263672166245
660.0 0.000955507630888 0.00263690170708
665.0 0.00095556374325 0.00263707927798
670.0 0.000955619177142 0.00263725443521
675.0 0.000955673946242 0.00263742723653
680.0 0.000955728063841 0.00263759773747
685.0 0.000955781542853 0.00263776599151
690.0 0.000955834395833 0.00263793205016
695.0 0.000955886634986 0.00263809596312
700.0 0.000955938272183 0.00263825777834
705.0 0.000955989318972 0.00263841754211
710.0 0.000956039786591 0.00263857529919
715.0 0.000956089685975 0.00263873109283
720.0 0.00095613902777 0.00263888496489
725.0 0.000956187822343 0.00263903695591
730.0 0.00095623607979 0.00263918710512
735.0 0.000956283809944 0.00263933545054
740.0 0.000956331022388 0.00263948202906
745.0 0.00095637772646 0.00263962687642
750.0 0.000956423931263 0.00263977002733
755.0 0.00095646964567 0.00263991151545
760.0 0.000956514878333 0.00264005137349
765.0 0.000956559637693 0.00264018963322
770.0 0.000956603931982 0.0026403263255
775.0 0.000956647769231 0.00264046148035
780.0 0.000956691157279 0.00264059512694
785.0 0.000956734103775 0.00264072729365
790.0 0.000956776616187 0.00264085800809
795.0 0.000956818701807 0.00264098729713
800.0 0.000956860367755 0.00264111518694
805.0 0.000956901620983 0.00264124170299
810.0 0.000956942468285 0.00264136687009
815.0 0.000956982917018 0.00264149071241
820.0 0.000957022972728 0.00264161325351
825.0 0.00095706264181 0.00264173451635
830.0 0.000957101930498 0.0026418545233
835.0 0.000957140844882 0.0026419732962
840.0 0.000957179390906 0.00264209085634
845.0 0.00095721757438 0.00264220722447
850.0 0.000957255400982 0.00264232242087
855.0 0.00095729287626 0.00264243646531
860.0 0.000957330005644 0.0026425493771
865.0 0.000957366794441 0.00264266117507
870.0 0.000957403247845 0.00264277187764
875.0 0.000957439370937 0.00264288150278
880.0 0.000957475168692 0.00264299006803
885.0 0.000957510645978 0.00264309759057
890.0 0.000957545807561 0.00264320408714
895.0 0.000957580658108 0.00264330957414
900.0 0.00095761520219 0.00264341406757
905.0 0.000957649444282 0.00264351758308
910.0 0.000957683388771 0.00264362013599
915.0 0.000957717039951 0.00264372174127
920.0 0.000957750402033 0.00264382241356
925.0 0.000957783479142 0.00264392216717
930.0 0.00095781627532 0.00264402101614
935.0 0.00095784879453 0.00264411897415
940.0 0.000957881040657 0.00264421605465
945.0 0.000957913017509 0.00264431227076
950.0 0.000957944728822 0.00264440763535
955.0 0.000957976178256 0.00264450216099
960.0 0.000958007369405 0.00264459586004
965.0 0.00095803830579 0.00264468874455
970.0 0.000958068990869 0.00264478082635
975.0 0.000958099428031 0.00264487211703
980.0 0.000958129620603 0.00264496262795
985.0 0.000958159571849 0.00264505237021
990.0 0.000958189284973 0.00264514135473
995.0 0.000958218763119 0.00264522959218
1000.0 0.000958248009373 0.00264531709303
1005.0 0.000958277026765 0.00264540386755
1010.0 0.00095830581827 0.0026454899258
1015.0 0.000958334386808 0.00264557527766
1020.0 0.000958362735246 0.00264565993279
1025.0 0.000958390866401 0.00264574390069
1030.0 0.00095841878304 0.00264582719067
1035.0 0.000958446487878 0.00264590981186
1040.0 0.000958473983585 0.00264599177322
1045.0 0.000958501272782 0.00264607308354
1050.0 0.000958528358046 0.00264615375146
1055.0 0.000958555241908 0.00264623378543
1060.0 0.000958581926855 0.00264631319378
1065.0 0.000958608415332 0.00264639198465
1070.0 0.000958634709741 0.00264647016605
1075.0 0.000958660812443 0.00264654774586
1080.0 0.000958686725761 0.00264662473178
1085.0 0.000958712451976 0.00264670113141
1090.0 0.000958737993332 0.00264677695218
1095.0 0.000958763352035 0.00264685220141
1100.0 0.000958788530255 0.00264692688629
1105.0 0.000958813530126 0.00264700101387
1110.0 0.000958838353745 0.00264707459108
1115.0 0.000958863003177 0.00264714762474
1120.0 0.000958887480451 0.00264722012155
1125.0 0.000958911787566 0.00264729208807
1130.0 0.000958935926485 0.00264736353079
1135.0 0.000958959899142 0.00264743445605
1140.0 0.000958983707438 0.00264750487009
1145.0 0.000959007353246 0.00264757477908
1150.0 0.000959030838408 0.00264764418903
1155.0 0.000959054164737 0.00264771310589
1160.0 0.000959077334016 0.00264778153549
1165.0 0.000959100348002 0.00264784948359
1170.0 0.000959123208424 0.00264791695582
1175.0 0.000959145916984 0.00264798395774
1180.0 0.000959168475357 0.00264805049481
1185.0 0.000959190885195 0.00264811657241
1190.0 0.00095921314812 0.00264818219581
1195.0 0.000959235265733 0.00264824737024
1200.0 0.00095925723961 0.0026483121008
1205.0 0.000881335196017 0.00256653148169
