0.00293040303052 0.00425820442434
0.00430790976488 0.00818914929347
0.00485163720023 0.0110452137637
0.00506014832913 0.0127419739254
0.00514487069407 0.013624134971
0.0051841565966 0.0140510460349
0.00520594812247 0.014254443149
0.0052202863206 0.0143556728489
0.00523094756261 0.0144114937349
0.00523948071038 0.0144468035564
0.0052466074838 0.014472208742
0.00525271418101 0.0144922543961
0.00525803855357 0.0145089850048
0.00526273997131 0.0145234099203
0.00526693367844 0.0145360935789
0.00527070600612 0.0145473927106
0.00527412413504 0.0145575556353
0.00527723962136 0.0145667665943
0.00528009513594 0.014575168501
0.0052827250863 0.0145828748057
0.00528515776006 0.0145899773919
0.00528741724942 0.0145965511921
0.00528952020693 0.0146026615032
0.00529148857822 0.0146083573143
0.00529333335519 0.0146136855532
0.0052950675632 0.0146186841525
0.00529670186391 0.0146233857479
0.00529825273465 0.0146278172077
0.00529971070242 0.0146320057481
0.00530109372466 0.0146359736631
0.0053024089401 0.0146397380579
0.00530366121601 0.0146433154578
0.0053048550984 0.0146467210696
0.00530599485556 0.0146499684318
0.00530708440901 0.0146530695365
0.00530812732314 0.0146560350771
0.00530912768738 0.0146588744056
0.00531008667981 0.0146615965272
0.00531100779679 0.0146642093934
0.00531189354633 0.0146667200352
0.00531274612875 0.0146691349017
0.00531356755493 0.0146714599286
0.00531435967323 0.014673700561
0.00531512418436 0.0146758617922
0.00531586265489 0.0146779482089
0.00531657653007 0.0146799640335
0.00531726714536 0.0146819131615
0.0053179357369 0.0146837991935
0.00531858345076 0.0146856254637
0.00531921135121 0.0146873950645
0.0053198204281 0.0146891108685
0.00532041160336 0.0146907755485
0.00532098573694 0.0146923915951
0.00532154363204 0.0146939613318
0.00532208603983 0.0146954869297
0.00532261366372 0.0146969704199
0.00532312716318 0.014698413705
0.00532362715723 0.0146998185694
0.00532411422755 0.0147011866882
0.00532458892136 0.0147025196362
0.00218525327752 0.00973757731589
