50.0 0.000452927727545 0.000569680140927
100.0 0.000717250907805 0.00113978048386
150.0 0.000845712656424 0.00164894830244
200.0 0.000903754907475 0.00203936209314
250.0 0.000929548744675 0.00229896077171
300.0 0.000941273875806 0.00245384592194
350.0 0.000946934756527 0.00253968389609
400.0 0.000949949559427 0.00258521359819
450.0 0.000951767900381 0.00260898085539
500.0 0.000953010209734 0.00262157056045
550.0 0.000953948651934 0.00262858001816
600.0 0.000954708186201 0.00263282485951
650.0 0.000955350542671 0.00263567720116
700.0 0.000955908149045 0.00263779535663
750.0 0.00095640121373 0.00263949578312
800.0 0.000956842342339 0.00264093427307
850.0 0.00095724061254 0.00264219151342
900.0 0.000957602798362 0.00264331263819
950.0 0.000957934232669 0.0026443253665
1000.0 0.000958238828589 0.00264524832267
1050.0 0.000958520337304 0.00264609514668
1100.0 0.000958781486024 0.00264687626349
1150.0 0.000959024612482 0.00264760000884
1200.0 0.000959251812685 0.00264827323882
1250.0 0.000496886093687 0.00196890429111
