20.0 0.0002091571421 0.000215374403772
40.0 0.000403691546891 0.000440893917763
60.0 0.000563671129769 0.000670892941402
80.0 0.000684492326183 0.000903393487069
100.0 0.000770622880939 0.00113669029807
120.0 0.00082978334888 0.00136768594307
140.0 0.000869520209342 0.00159082602435
160.0 0.000895900478959 0.0017985444679
180.0 0.000913349796365 0.00198331362949
200.0 0.000924924896669 0.00213997111375
220.0 0.000932670766764 0.00226690516308
240.0 0.000937929120003 0.0023657444926
260.0 0.000941570500787 0.00244021117153
280.0 0.00094415636664 0.00249487234773
300.0 0.000946047962279 0.00253422045917
320.0 0.000947477795891 0.00256216843647
340.0 0.00094859585103 0.0025818694333
360.0 0.000949499563211 0.00259573248446
380.0 0.000950252481042 0.00260552820156
400.0 0.000950896536615 0.00261252184887
420.0 0.000951459770276 0.00261759855528
440.0 0.000951961163332 0.00262136769419
460.0 0.000952413874611 0.00262424384178
480.0 0.000952827196148 0.00262650668667
500.0 0.000953207867484 0.0026283439292
520.0 0.000953560890964 0.00262988126214
540.0 0.000953890069805 0.00263120293956
560.0 0.000954198387639 0.00263236568602
580.0 0.00095448823487 0.00263340800242
600.0 0.000954761555782 0.00263435633967
620.0 0.000955020016036 0.00263522916561
640.0 0.000955264976196 0.0026360396429
660.0 0.000955497628289 0.00263679737619
680.0 0.000955719007483 0.00263750956104
700.0 0.000955930021452 0.00263818173809
720.0 0.000956131472419 0.00263881829071
740.0 0.00095632406482 0.002639422776
760.0 0.000956508451979 0.00263999814619
780.0 0.000956685204679 0.00264054690097
800.0 0.000956854839441 0.00264107119151
820.0 0.000957017824784 0.00264157289411
840.0 0.00095717458677 0.00264205366336
860.0 0.000957325513855 0.00264251497131
880.0 0.000957470961093 0.00264295813712
900.0 0.000957611253783 0.00264338434995
920.0 0.000957746690636 0.00264379468697
940.0 0.000957877546531 0.00264419012801
960.0 0.000958004093408 0.0026445715677
980.0 0.000958126535361 0.00264493982476
1000.0 0.000958245095736 0.00264529565078
1020.0 0.000958359978429 0.00264563973771
1040.0 0.000958471371316 0.002645972724
1060.0 0.000958579448479 0.00264629519992
1080.0 0.000958684331951 0.00264660771179
1100.0 0.000958786240508 0.00264691076772
1120.0 0.000958885297839 0.0026472048389
1140.0 0.000958981628417 0.00264749036359
1160.0 0.000959075352744 0.00264776775033
1180.0 0.000959166585518 0.00264803738086
1200.0 0.000959255435118 0.00264829961231
1220.0 0.000706798782648 0.00233968998164
