1.0 1.19113038466e-05 1.19114717023e-05
2.0 1.89349896841e-05 1.89352429289e-05
3.0 2.69635286655e-05 2.6964043178e-05
4.0 3.55908255711e-05 3.55919599108e-05
5.0 4.46263441606e-05 4.46287337203e-05
6.0 5.3962645991e-05 5.39673132848e-05
7.0 6.35319771538e-05 6.35404561446e-05
8.0 7.32882026021e-05 7.33026750322e-05
9.0 8.31980666088e-05 8.32215083637e-05
10.0 9.3236497255e-05 9.3272832858e-05
11.0 0.000103383879982 0.000103438143386
12.0 0.000113624376858 0.000113702876772
13.0 0.000123944840183 0.00012405532822
14.0 0.000134334082845 0.000134485922898
15.0 0.000144782372755 0.000144986710017
16.0 0.000155281073435 0.000155551001631
17.0 0.00016582238313 0.000166173108556
18.0 0.000176399142212 0.000176848143301
19.0 0.000187004689121 0.000187571870331
20.0 0.000197632751544 0.000198340590471
21.0 0.000208277363691 0.000209151050389
22.0 0.000218932803214 0.000220000370821
23.0 0.000229593543127 0.000230885989004
24.0 0.000240254215357 0.000241805612008
25.0 0.000250909583372 0.000252757178574
26.0 0.000261554521993 0.000263738827611
27.0 0.000272184002901 0.000274748871998
28.0 0.000282793084707 0.000285785776637
29.0 0.000293376906661 0.000296848139943
30.0 0.000303930685288 0.000307934678129
31.0 0.000314449713354 0.0003190442118
32.0 0.00032492936068 0.00033017565444
33.0 0.000335365076415 0.000341328002484
34.0 0.000345752392421 0.000352500326717
35.0 0.00035608692751 0.000363691764781
36.0 0.000366364392284 0.000374901514629
37.0 0.000376580594391 0.000386128828783
38.0 0.00038673144402 0.000397373009271
39.0 0.000396812959496 0.000408633403157
40.0 0.000406821272858 0.000419909398572
41.0 0.000416752635313 0.000431200421191
42.0 0.000426603422477 0.000442505931081
43.0 0.000436370139342 0.000453825419887
44.0 0.0004460494249 0.000465158408305
45.0 0.000455638056386 0.000476504443809
46.0 0.000465132953092 0.000487863098606
47.0 0.000474531179733 0.000499233967778
48.0 0.000483829949337 0.000510616667608
49.0 0.000493026625652 0.000522010834062
50.0 0.000502118725059 0.000533416121395
51.0 0.000511103917991 0.000544832200899
52.0 0.000519980029856 0.000556258759744
53.0 0.000528745041489 0.000567695499929
54.0 0.000537397089115 0.000579142137311
55.0 0.000545934463871 0.000590598400724
56.0 0.000554355610882 0.000602064031163
57.0 0.000562659127916 0.000613538781032
58.0 0.000570843763649 0.000625022413455
59.0 0.00057890841555 0.000636514701634
60.0 0.000586852127422 0.000648015428261
61.0 0.000594674086618 0.000659524384972
62.0 0.00060237362096 0.000671041371836
63.0 0.000609950195388 0.000682566196887
64.0 0.000617403408369 0.000694098675687
65.0 0.000624732988081 0.000705638630916
66.0 0.000631938788412 0.000717185891994
67.0 0.000639020784791 0.000728740294727
68.0 0.000645979069877 0.000740301680974
69.0 0.000652813849131 0.00075186989834
70.0 0.000659525436298 0.000763444799884
71.0 0.000666114248807 0.000775026243848
72.0 0.000672580803134 0.000786614093401
73.0 0.000678925710119 0.000798208216398
74.0 0.000685149670282 0.000809808485153
75.0 0.000691253469136 0.000821414776228
76.0 0.000697237972527 0.000833026970227
77.0 0.000703104122008 0.000844644951603
78.0 0.000708852930257 0.00085626860848
79.0 0.000714485476571 0.000867897832473
80.0 0.000720002902418 0.000879532518525
81.0 0.000725406407085 0.000891172564741
82.0 0.000730697243418 0.00090281787224
83.0 0.000735876713654 0.000914468344996
84.0 0.000740946165375 0.000926123889695
85.0 0.000745906987567 0.000937784415587
86.0 0.000750760606803 0.000949449834346
87.0 0.000755508483547 0.000961120059921
88.0 0.00076015210859 0.000972795008392
89.0 0.000764692999612 0.000984474597827
90.0 0.000769132697876 0.000996158748127
91.0 0.000773472765062 0.00100784738087
92.0 0.000777714780223 0.00101954041915
93.0 0.000781860336886 0.00103123778741
94.0 0.00078591104028 0.00104293941126
95.0 0.000789868504701 0.00105464521729
96.0 0.000793734351002 0.00106635513284
97.0 0.00079751020422 0.00107806908584
98.0 0.000801197691324 0.00108978700449
99.0 0.00080479843909 0.0011015088171
100.0 0.0008083140721 0.00111323445172
101.0 0.000811746210859 0.00112496383592
102.0 0.000815096470025 0.00113669689638
103.0 0.000818366456759 0.00114843355862
104.0 0.000821557769178 0.00116017374656
105.0 0.000824671994915 0.00117191738208
106.0 0.000827710709785 0.00118366438462
107.0 0.000830675476549 0.00119541467063
108.0 0.000833567843768 0.00120716815307
109.0 0.000836389344752 0.0012189247408
110.0 0.000839141496603 0.00123068433792
111.0 0.000841825799325 0.00124244684316
112.0 0.000844443735034 0.00125421214907
113.0 0.000846996767231 0.00126598014129
114.0 0.000849486340152 0.00127775069766
115.0 0.00085191387819 0.00128952368732
116.0 0.000854280785377 0.00130129896977
117.0 0.000856588444937 0.00131307639381
118.0 0.000858838218891 0.00132485579647
119.0 0.000861031447721 0.00133663700186
120.0 0.000863169450084 0.00134841981993
121.0 0.000865253522584 0.0013602040452
122.0 0.000867284939581 0.00137198945544
123.0 0.00086926495305 0.00138377581021
124.0 0.000871194792482 0.00139556284947
125.0 0.000873075664815 0.001407350292
126.0 0.000874908754416 0.00141913783385
127.0 0.000876695223085 0.00143092514673
128.0 0.000878436210092 0.00144271187632
129.0 0.000880132832249 0.00145449764056
130.0 0.000881786184004 0.00146628202795
131.0 0.000883397337558 0.00147806459572
132.0 0.000884967343016 0.00148984486809
133.0 0.000886497228544 0.00150162233445
134.0 0.000887988000558 0.00151339644755
135.0 0.000889440643923 0.00152516662172
136.0 0.000890856122174 0.00153693223108
137.0 0.000892235377748 0.00154869260777
138.0 0.000893579332227 0.00156044704029
139.0 0.000894888886604 0.00157219477175
140.0 0.000896164921542 0.00158393499834
141.0 0.000897408297661 0.00159566686776
142.0 0.000898619855821 0.0016073894778
143.0 0.000899800417416 0.00161910187497
144.0 0.000900950784677 0.00163080305328
145.0 0.000902071740974 0.00164249195316
146.0 0.00090316405113 0.00165416746042
147.0 0.000904228461735 0.00166582840552
148.0 0.000905265701463 0.00167747356284
149.0 0.000906276481389 0.00168910165021
150.0 0.000907261495314 0.00170071132863
151.0 0.000908221420085 0.00171230120213
152.0 0.000909156915919 0.00172386981788
153.0 0.000910068626723 0.00173541566648
154.0 0.000910957180419 0.00174693718251
155.0 0.000911823189263 0.00175843274522
156.0 0.000912667250166 0.00176990067956
157.0 0.000913489945008 0.00178133925735
158.0 0.00091429184096 0.00179274669874
159.0 0.000915073490791 0.00180412117386
160.0 0.00091583543318 0.00181546080475
161.0 0.000916578193025 0.00182676366751
162.0 0.000917302281746 0.00183802779465
163.0 0.000918008197583 0.00184925117767
164.0 0.000918696425897 0.00186043176992
165.0 0.000919367439459 0.00187156748958
166.0 0.000920021698742 0.00188265622286
167.0 0.000920659652205 0.00189369582747
168.0 0.000921281736571 0.00190468413614
169.0 0.000921888377106 0.00191561896038
170.0 0.000922479987891 0.00192649809437
171.0 0.000923056972088 0.00193731931901
172.0 0.000923619722201 0.00194808040602
173.0 0.000924168620338 0.00195877912217
174.0 0.000924704038463 0.00196941323363
175.0 0.000925226338641 0.00197998051032
176.0 0.000925735873288 0.00199047873034
177.0 0.000926232985408 0.0020009056844
178.0 0.000926718008824 0.00201125918027
179.0 0.000927191268415 0.0020215370472
180.0 0.000927653080335 0.00203173714033
181.0 0.000928103752237 0.00204185734501
182.0 0.00092854358349 0.00205189558108
183.0 0.000928972865385 0.00206184980703
184.0 0.00092939188135 0.00207171802409
185.0 0.000929800907146 0.00208149828015
186.0 0.000930200211065 0.0020911886736
187.0 0.00093059005413 0.00210078735694
188.0 0.000930970690276 0.00211029254028
189.0 0.000931342366541 0.00211970249466
190.0 0.000931705323242 0.00212901555513
191.0 0.000932059794154 0.0021382301237
192.0 0.000932406006685 0.002147344672
193.0 0.000932744182036 0.00215635774378
194.0 0.000933074535374 0.00216526795719
195.0 0.000933397275988 0.00217407400676
196.0 0.000933712607444 0.00218277466528
197.0 0.000934020727742 0.00219136878528
198.0 0.000934321829461 0.00219985530041
199.0 0.000934616099906 0.00220823322655
200.0 0.000934903721249 0.00221650166263
201.0 0.000935184870669 0.00222465979128
202.0 0.000935459720483 0.00223270687926
203.0 0.00093572843828 0.00224064227761
204.0 0.000935991187049 0.00224846542163
205.0 0.0009362481253 0.00225617583063
206.0 0.000936499407193 0.00226377310751
207.0 0.000936745182648 0.00227125693806
208.0 0.000936985597465 0.00227862709018
209.0 0.000937220793436 0.00228588341284
210.0 0.000937450908454 0.00229302583492
211.0 0.000937676076618 0.00230005436386
212.0 0.00093789642834 0.00230696908417
213.0 0.000938112090443 0.00231377015581
214.0 0.000938323186262 0.00232045781244
215.0 0.000938529835737 0.00232703235952
216.0 0.00093873215551 0.00233349417238
217.0 0.000938930259012 0.00233984369408
218.0 0.000939124256554 0.00234608143331
219.0 0.00093931425541 0.00235220796211
220.0 0.000939500359906 0.00235822391356
221.0 0.000939682671497 0.00236412997947
222.0 0.000939861288848 0.00236992690792
223.0 0.000940036307909 0.00237561550085
224.0 0.000940207821995 0.00238119661156
225.0 0.000940375921853 0.00238667114226
226.0 0.000940540695739 0.00239204004154
227.0 0.000940702229482 0.00239730430188
228.0 0.000940860606554 0.00240246495715
229.0 0.000941015908135 0.00240752308009
230.0 0.000941168213177 0.00241247977992
231.0 0.000941317598466 0.00241733619982
232.0 0.00094146413868 0.00242209351453
233.0 0.00094160790645 0.00242675292801
234.0 0.000941748972417 0.00243131567106
235.0 0.000941887405286 0.00243578299904
236.0 0.00094202327188 0.00244015618963
237.0 0.000942156637195 0.0024444365406
238.0 0.000942287564445 0.00244862536774
239.0 0.00094241611512 0.00245272400272
240.0 0.000942542349025 0.00245673379106
241.0 0.000942666324335 0.00246065609024
242.0 0.000942788097635 0.00246449226773
243.0 0.000942907723966 0.00246824369922
244.0 0.00094302525687 0.00247191176682
245.0 0.000943140748428 0.00247549785737
246.0 0.000943254249303 0.00247900336083
247.0 0.000943365808781 0.0024824296687
248.0 0.000943475474807 0.00248577817257
249.0 0.000943583294021 0.00248905026262
250.0 0.000943689311799 0.00249224732636
251.0 0.000943793572285 0.00249537074725
252.0 0.000943896118427 0.00249842190356
253.0 0.000943996992007 0.00250140216715
254.0 0.000944096233678 0.00250431290242
255.0 0.000944193882994 0.00250715546526
256.0 0.000944289978438 0.00250993120208
257.0 0.000944384557456 0.00251264144893
258.0 0.000944477656483 0.00251528753061
259.0 0.000944569310971 0.00251787075992
260.0 0.00094465955542 0.0025203924369
261.0 0.000944748423399 0.00252285384816
262.0 0.000944835947577 0.00252525626627
263.0 0.000944922159746 0.00252760094914
264.0 0.000945007090844 0.00252988913953
265.0 0.000945090770981 0.00253212206455
266.0 0.000945173229462 0.00253430093524
267.0 0.000945254494806 0.00253642694617
268.0 0.000945334594775 0.00253850127508
269.0 0.000945413556385 0.0025405250826
270.0 0.000945491405937 0.00254249951194
271.0 0.00094556816903 0.00254442568869
272.0 0.000945643870582 0.00254630472062
273.0 0.000945718534851 0.00254813769747
274.0 0.00094579218545 0.00254992569087
275.0 0.000945864845371 0.00255166975421
276.0 0.000945936536992 0.00255337092256
277.0 0.000946007282105 0.00255503021264
278.0 0.000946077101925 0.00255664862278
279.0 0.000946146017109 0.0025582271329
280.0 0.000946214047769 0.0025597667046
281.0 0.000946281213492 0.00256126828113
282.0 0.000946347533349 0.0025627327875
283.0 0.000946413025912 0.00256416113054
284.0 0.000946477709267 0.002565554199
285.0 0.00094654160103 0.00256691286369
286.0 0.000946604718355 0.00256823797757
287.0 0.000946667077951 0.00256953037594
288.0 0.000946728696092 0.00257079087656
289.0 0.000946789588633 0.00257202027984
290.0 0.000946849771013 0.00257321936899
291.0 0.000946909258276 0.00257438891027
292.0 0.000946968065076 0.00257552965311
293.0 0.000947026205691 0.00257664233039
294.0 0.00094708369403 0.00257772765861
295.0 0.000947140543645 0.00257878633811
296.0 0.000947196767741 0.00257981905332
297.0 0.000947252379187 0.00258082647298
298.0 0.000947307390521 0.00258180925037
299.0 0.000947361813963 0.00258276802357
300.0 0.000947415661421 0.00258370341568
301.0 0.000947468944502 0.00258461603506
302.0 0.000947521674518 0.00258550647563
303.0 0.000947573862496 0.00258637531706
304.0 0.000947625519184 0.00258722312505
305.0 0.00094767665506 0.00258805045158
306.0 0.000947727280339 0.00258885783516
307.0 0.000947777404978 0.00258964580109
308.0 0.000947827038689 0.00259041486172
309.0 0.000947876190937 0.00259116551665
310.0 0.000947924870954 0.00259189825307
311.0 0.000947973087743 0.00259261354593
312.0 0.000948020850082 0.00259331185823
313.0 0.000948068166535 0.00259399364127
314.0 0.000948115045451 0.00259465933485
315.0 0.000948161494976 0.00259530936759
316.0 0.000948207523056 0.0025959441571
317.0 0.000948253137442 0.00259656411025
318.0 0.000948298345695 0.00259716962341
319.0 0.000948343155194 0.00259776108267
320.0 0.000948387573136 0.00259833886408
321.0 0.000948431606546 0.00259890333386
322.0 0.000948475262278 0.00259945484867
323.0 0.000948518547021 0.00259999375576
324.0 0.000948561467305 0.00260052039325
325.0 0.0009486040295 0.00260103509033
326.0 0.000948646239826 0.00260153816743
327.0 0.000948688104356 0.0026020299365
328.0 0.000948729629017 0.00260251070114
329.0 0.000948770819596 0.00260298075687
330.0 0.000948811681743 0.00260344039126
331.0 0.000948852220976 0.00260388988418
332.0 0.000948892442682 0.00260432950797
333.0 0.000948932352125 0.0026047595276
334.0 0.000948971954442 0.0026051802009
335.0 0.000949011254653 0.0026055917787
336.0 0.000949050257663 0.00260599450505
337.0 0.000949088968262 0.00260638861732
338.0 0.000949127391129 0.00260677434646
339.0 0.000949165530837 0.0026071519171
340.0 0.000949203391855 0.00260752154772
341.0 0.000949240978548 0.00260788345084
342.0 0.000949278295184 0.00260823783313
343.0 0.000949315345934 0.00260858489562
344.0 0.000949352134875 0.00260892483378
345.0 0.000949388665991 0.00260925783772
346.0 0.000949424943179 0.00260958409231
347.0 0.000949460970249 0.00260990377732
348.0 0.000949496750924 0.00261021706753
349.0 0.000949532288847 0.00261052413293
350.0 0.00094956758758 0.00261082513876
351.0 0.000949602650606 0.00261112024573
352.0 0.000949637481334 0.00261140961005
353.0 0.000949672083097 0.00261169338362
354.0 0.000949706459157 0.00261197171412
355.0 0.000949740612702 0.00261224474512
356.0 0.000949774546857 0.0026125126162
357.0 0.000949808264675 0.00261277546305
358.0 0.000949841769148 0.00261303341759
359.0 0.000949875063201 0.00261328660807
360.0 0.000949908149699 0.00261353515915
361.0 0.000949941031446 0.00261377919203
362.0 0.000949973711189 0.00261401882452
363.0 0.000950006191614 0.00261425417115
364.0 0.000950038475355 0.00261448534324
365.0 0.000950070564989 0.00261471244902
366.0 0.000950102463041 0.0026149355937
367.0 0.000950134171985 0.00261515487953
368.0 0.000950165694241 0.00261537040593
369.0 0.000950197032185 0.00261558226952
370.0 0.000950228188142 0.00261579056425
371.0 0.000950259164389 0.00261599538142
372.0 0.000950289963161 0.00261619680978
373.0 0.000950320586645 0.00261639493563
374.0 0.000950351036987 0.00261658984284
375.0 0.000950381316289 0.00261678161294
376.0 0.000950411426614 0.00261697032519
377.0 0.000950441369982 0.00261715605663
378.0 0.000950471148376 0.00261733888216
379.0 0.000950500763739 0.0026175188746
380.0 0.000950530217977 0.00261769610471
381.0 0.000950559512961 0.00261787064131
382.0 0.000950588650525 0.00261804255129
383.0 0.000950617632467 0.00261821189969
384.0 0.000950646460555 0.00261837874971
385.0 0.000950675136519 0.00261854316284
386.0 0.000950703662062 0.00261870519881
387.0 0.000950732038851 0.00261886491574
388.0 0.000950760268524 0.0026190223701
389.0 0.00095078835269 0.00261917761681
390.0 0.000950816292927 0.00261933070926
391.0 0.000950844090785 0.00261948169939
392.0 0.000950871747786 0.00261963063767
393.0 0.000950899265425 0.00261977757318
394.0 0.000950926645171 0.00261992255365
395.0 0.000950953888465 0.00262006562551
396.0 0.000950980996725 0.00262020683388
397.0 0.000951007971341 0.00262034622265
398.0 0.000951034813683 0.00262048383452
399.0 0.000951061525093 0.00262061971099
400.0 0.000951088106893 0.00262075389243
401.0 0.000951114560381 0.00262088641811
402.0 0.000951140886832 0.00262101732621
403.0 0.000951167087503 0.00262114665389
404.0 0.000951193163626 0.00262127443726
405.0 0.000951219116413 0.00262140071148
406.0 0.000951244947059 0.00262152551073
407.0 0.000951270656735 0.00262164886827
408.0 0.000951296246595 0.00262177081644
409.0 0.000951321717775 0.00262189138673
410.0 0.00095134707139 0.00262201060975
411.0 0.00095137230854 0.00262212851529
412.0 0.000951397430305 0.00262224513235
413.0 0.00095142243775 0.00262236048912
414.0 0.00095144733192 0.00262247461306
415.0 0.000951472113846 0.00262258753087
416.0 0.000951496784543 0.00262269926854
417.0 0.00095152134501 0.00262280985136
418.0 0.000951545796229 0.00262291930396
419.0 0.000951570139168 0.00262302765029
420.0 0.000951594374781 0.00262313491367
421.0 0.000951618504007 0.00262324111681
422.0 0.00095164252777 0.00262334628179
423.0 0.000951666446981 0.00262345043015
424.0 0.000951690262538 0.0026235535828
425.0 0.000951713975326 0.00262365576016
426.0 0.000951737586214 0.00262375698206
427.0 0.000951761096061 0.00262385726784
428.0 0.000951784505714 0.00262395663632
429.0 0.000951807816007 0.00262405510584
430.0 0.000951831027761 0.00262415269423
431.0 0.000951854141786 0.0026242494189
432.0 0.000951877158881 0.00262434529677
433.0 0.000951900079835 0.00262444034434
434.0 0.000951922905422 0.00262453457768
435.0 0.00095194563641 0.00262462801243
436.0 0.000951968273554 0.00262472066385
437.0 0.000951990817597 0.0026248125468
438.0 0.000952013269277 0.00262490367575
439.0 0.000952035629316 0.0026249940648
440.0 0.00095205789843 0.00262508372771
441.0 0.000952080077326 0.00262517267788
442.0 0.000952102166698 0.00262526092835
443.0 0.000952124167235 0.00262534849185
444.0 0.000952146079615 0.0026254353808
445.0 0.000952167904506 0.00262552160728
446.0 0.000952189642569 0.00262560718309
447.0 0.000952211294456 0.00262569211972
448.0 0.000952232860812 0.00262577642838
449.0 0.000952254342272 0.00262586012
450.0 0.000952275739464 0.00262594320524
451.0 0.000952297053007 0.00262602569449
452.0 0.000952318283513 0.0026261075979
453.0 0.000952339431587 0.00262618892535
454.0 0.000952360497826 0.0026262696865
455.0 0.000952381482821 0.00262634989076
456.0 0.000952402387152 0.0026264295473
457.0 0.000952423211397 0.00262650866511
458.0 0.000952443956123 0.00262658725291
459.0 0.000952464621893 0.00262666531924
460.0 0.000952485209262 0.00262674287245
461.0 0.000952505718779 0.00262681992064
462.0 0.000952526150986 0.00262689647177
463.0 0.000952546506418 0.00262697253359
464.0 0.000952566785607 0.00262704811365
465.0 0.000952586989075 0.00262712321936
466.0 0.00095260711734 0.00262719785791
467.0 0.000952627170914 0.00262727203636
468.0 0.000952647150303 0.0026273457616
469.0 0.000952667056008 0.00262741904034
470.0 0.000952686888523 0.00262749187915
471.0 0.000952706648338 0.00262756428445
472.0 0.000952726335936 0.0026276362625
473.0 0.000952745951797 0.00262770781944
474.0 0.000952765496393 0.00262777896125
475.0 0.000952784970193 0.00262784969379
476.0 0.000952804373661 0.00262792002276
477.0 0.000952823707254 0.00262798995378
478.0 0.000952842971425 0.0026280594923
479.0 0.000952862166624 0.00262812864366
480.0 0.000952881293295 0.00262819741311
481.0 0.000952900351876 0.00262826580574
482.0 0.000952919342802 0.00262833382656
483.0 0.000952938266503 0.00262840148047
484.0 0.000952957123405 0.00262846877224
485.0 0.00095297591393 0.00262853570656
486.0 0.000952994638509 0.002628602288
487.0 0.000953013297539 0.00262866852106
488.0 0.000953031891428 0.00262873441012
489.0 0.000953050420581 0.00262879995947
490.0 0.000953068885398 0.00262886517332
491.0 0.000953087286277 0.00262893005579
492.0 0.000953105623609 0.00262899461091
493.0 0.000953123897784 0.00262905884262
494.0 0.000953142109188 0.00262912275479
495.0 0.0009531602582 0.00262918635121
496.0 0.000953178345199 0.00262924963558
497.0 0.00095319637056 0.00262931261154
498.0 0.000953214334652 0.00262937528264
499.0 0.000953232237842 0.00262943765238
500.0 0.000953250080494 0.00262949972417
501.0 0.000953267862967 0.00262956150137
502.0 0.000953285585619 0.00262962298726
503.0 0.000953303248803 0.00262968418506
504.0 0.000953320852854 0.00262974509792
505.0 0.000953338398135 0.00262980572895
506.0 0.00095335588499 0.00262986608118
507.0 0.000953373313759 0.00262992615759
508.0 0.000953390684779 0.00262998596109
509.0 0.000953407998385 0.00263004549455
510.0 0.000953425254907 0.00263010476079
511.0 0.000953442454674 0.00263016376257
512.0 0.000953459598011 0.00263022250258
513.0 0.00095347668524 0.00263028098349
514.0 0.000953493716682 0.00263033920791
515.0 0.000953510692652 0.0026303971784
516.0 0.000953527613464 0.00263045489748
517.0 0.00095354447943 0.0026305123676
518.0 0.000953561290858 0.0026305695912
519.0 0.000953578048055 0.00263062657066
520.0 0.000953594751322 0.00263068330832
521.0 0.000953611400961 0.00263073980648
522.0 0.000953627997269 0.00263079606739
523.0 0.000953644540542 0.00263085209327
524.0 0.000953661031074 0.00263090788631
525.0 0.000953677469153 0.00263096344865
526.0 0.000953693855069 0.00263101878239
527.0 0.000953710189108 0.00263107388961
528.0 0.000953726471551 0.00263112877234
529.0 0.000953742702681 0.00263118343259
530.0 0.000953758882775 0.00263123787233
531.0 0.000953775012111 0.00263129209349
532.0 0.000953791090961 0.00263134609797
533.0 0.000953807119598 0.00263139988766
534.0 0.000953823098292 0.0026314534644
535.0 0.000953839027309 0.00263150683
536.0 0.000953854906914 0.00263155998624
537.0 0.000953870737372 0.00263161293489
538.0 0.000953886518943 0.00263166567768
539.0 0.000953902251898 0.00263171821631
540.0 0.000953917936481 0.00263177055245
541.0 0.000953933572945 0.00263182268776
542.0 0.000953949161544 0.00263187462387
543.0 0.000953964702528 0.00263192636237
544.0 0.000953980196147 0.00263197790484
545.0 0.000953995642647 0.00263202925285
546.0 0.000954011042273 0.00263208040791
547.0 0.000954026395269 0.00263213137154
548.0 0.000954041701876 0.00263218214523
549.0 0.000954056962332 0.00263223273043
550.0 0.000954072176876 0.0026322831286
551.0 0.000954087345744 0.00263233334115
552.0 0.000954102469168 0.0026323833695
553.0 0.000954117547382 0.00263243321502
554.0 0.000954132580616 0.00263248287907
555.0 0.000954147569098 0.00263253236301
556.0 0.000954162513055 0.00263258166816
557.0 0.000954177412713 0.00263263079583
558.0 0.000954192268294 0.0026326797473
559.0 0.000954207080021 0.00263272852386
560.0 0.000954221848115 0.00263277712676
561.0 0.000954236572792 0.00263282555723
562.0 0.000954251254272 0.00263287381651
563.0 0.000954265892768 0.0026329219058
564.0 0.000954280488494 0.00263296982628
565.0 0.000954295041664 0.00263301757915
566.0 0.000954309552487 0.00263306516555
567.0 0.000954324021172 0.00263311258664
568.0 0.000954338447928 0.00263315984355
569.0 0.00095435283296 0.00263320693739
570.0 0.000954367176473 0.00263325386927
571.0 0.00095438147867 0.00263330064027
572.0 0.000954395739753 0.00263334725149
573.0 0.000954409959922 0.00263339370397
574.0 0.000954424139376 0.00263343999877
575.0 0.000954438278312 0.00263348613694
576.0 0.000954452376927 0.00263353211949
577.0 0.000954466435414 0.00263357794743
578.0 0.000954480453968 0.00263362362178
579.0 0.00095449443278 0.00263366914352
580.0 0.000954508372041 0.00263371451362
581.0 0.00095452227194 0.00263375973306
582.0 0.000954536132665 0.0026338048028
583.0 0.000954549954402 0.00263384972377
584.0 0.000954563737337 0.00263389449692
585.0 0.000954577481655 0.00263393912317
586.0 0.000954591187537 0.00263398360342
587.0 0.000954604855165 0.0026340279386
588.0 0.00095461848472 0.00263407212958
589.0 0.000954632076381 0.00263411617725
590.0 0.000954645630325 0.0026341600825
591.0 0.00095465914673 0.00263420384618
592.0 0.00095467262577 0.00263424746915
593.0 0.00095468606762 0.00263429095225
594.0 0.000954699472453 0.00263433429633
595.0 0.000954712840441 0.00263437750222
596.0 0.000954726171754 0.00263442057073
597.0 0.000954739466563 0.00263446350268
598.0 0.000954752725035 0.00263450629887
599.0 0.000954765947339 0.0026345489601
600.0 0.00095477913364 0.00263459148715
601.0 0.000954792284104 0.00263463388081
602.0 0.000954805398894 0.00263467614184
603.0 0.000954818478174 0.00263471827101
604.0 0.000954831522106 0.00263476026908
605.0 0.00095484453085 0.0026348021368
606.0 0.000954857504567 0.0026348438749
607.0 0.000954870443414 0.00263488548413
608.0 0.00095488334755 0.00263492696521
609.0 0.000954896217132 0.00263496831886
610.0 0.000954909052315 0.00263500954579
611.0 0.000954921853254 0.00263505064672
612.0 0.000954934620102 0.00263509162234
613.0 0.000954947353013 0.00263513247334
614.0 0.000954960052138 0.00263517320042
615.0 0.000954972717627 0.00263521380425
616.0 0.000954985349631 0.00263525428551
617.0 0.000954997948299 0.00263529464487
618.0 0.000955010513778 0.00263533488299
619.0 0.000955023046215 0.00263537500052
620.0 0.000955035545756 0.00263541499813
621.0 0.000955048012547 0.00263545487644
622.0 0.000955060446732 0.00263549463611
623.0 0.000955072848453 0.00263553427776
624.0 0.000955085217853 0.00263557380202
625.0 0.000955097555075 0.00263561320952
626.0 0.000955109860258 0.00263565250087
627.0 0.000955122133541 0.00263569167669
628.0 0.000955134375065 0.00263573073757
629.0 0.000955146584967 0.00263576968412
630.0 0.000955158763384 0.00263580851695
631.0 0.000955170910452 0.00263584723663
632.0 0.000955183026308 0.00263588584375
633.0 0.000955195111085 0.0026359243389
634.0 0.000955207164917 0.00263596272265
635.0 0.000955219187937 0.00263600099557
636.0 0.000955231180278 0.00263603915823
637.0 0.000955243142071 0.0026360772112
638.0 0.000955255073446 0.00263611515502
639.0 0.000955266974533 0.00263615299026
640.0 0.000955278845462 0.00263619071745
641.0 0.000955290686359 0.00263622833716
642.0 0.000955302497354 0.0026362658499
643.0 0.000955314278572 0.00263630325623
644.0 0.000955326030139 0.00263634055666
645.0 0.000955337752181 0.00263637775174
646.0 0.000955349444822 0.00263641484197
647.0 0.000955361108185 0.00263645182789
648.0 0.000955372742394 0.00263648871
649.0 0.00095538434757 0.00263652548881
650.0 0.000955395923835 0.00263656216484
651.0 0.00095540747131 0.00263659873858
652.0 0.000955418990115 0.00263663521053
653.0 0.000955430480369 0.00263667158119
654.0 0.000955441942191 0.00263670785106
655.0 0.000955453375698 0.00263674402061
656.0 0.000955464781008 0.00263678009033
657.0 0.000955476158237 0.0026368160607
658.0 0.000955487507502 0.0026368519322
659.0 0.000955498828917 0.0026368877053
660.0 0.000955510122597 0.00263692338048
661.0 0.000955521388655 0.00263695895819
662.0 0.000955532627206 0.00263699443891
663.0 0.000955543838361 0.00263702982308
664.0 0.000955555022231 0.00263706511117
665.0 0.00095556617893 0.00263710030363
666.0 0.000955577308566 0.00263713540091
667.0 0.00095558841125 0.00263717040345
668.0 0.000955599487092 0.0026372053117
669.0 0.000955610536199 0.0026372401261
670.0 0.000955621558681 0.00263727484708
671.0 0.000955632554644 0.00263730947508
672.0 0.000955643524195 0.00263734401053
673.0 0.00095565446744 0.00263737845386
674.0 0.000955665384485 0.00263741280549
675.0 0.000955676275436 0.00263744706584
676.0 0.000955687140396 0.00263748123533
677.0 0.000955697979469 0.00263751531437
678.0 0.000955708792759 0.00263754930339
679.0 0.000955719580368 0.00263758320279
680.0 0.000955730342399 0.00263761701297
681.0 0.000955741078952 0.00263765073434
682.0 0.000955751790129 0.00263768436731
683.0 0.00095576247603 0.00263771791227
684.0 0.000955773136755 0.00263775136962
685.0 0.000955783772403 0.00263778473974
686.0 0.000955794383073 0.00263781802304
687.0 0.000955804968863 0.0026378512199
688.0 0.000955815529871 0.00263788433071
689.0 0.000955826066194 0.00263791735584
690.0 0.000955836577927 0.00263795029569
691.0 0.000955847065168 0.00263798315062
692.0 0.000955857528012 0.00263801592102
693.0 0.000955867966554 0.00263804860725
694.0 0.000955878380888 0.00263808120968
695.0 0.000955888771108 0.0026381137287
696.0 0.000955899137307 0.00263814616465
697.0 0.000955909479578 0.0026381785179
698.0 0.000955919798015 0.00263821078883
699.0 0.000955930092708 0.00263824297777
700.0 0.000955940363749 0.00263827508509
701.0 0.000955950611229 0.00263830711115
702.0 0.000955960835238 0.00263833905629
703.0 0.000955971035866 0.00263837092087
704.0 0.000955981213203 0.00263840270523
705.0 0.000955991367337 0.00263843440971
706.0 0.000956001498358 0.00263846603467
707.0 0.000956011606352 0.00263849758044
708.0 0.000956021691408 0.00263852904735
709.0 0.000956031753612 0.00263856043576
710.0 0.000956041793052 0.00263859174598
711.0 0.000956051809813 0.00263862297835
712.0 0.00095606180398 0.00263865413321
713.0 0.00095607177564 0.00263868521088
714.0 0.000956081724876 0.00263871621168
715.0 0.000956091651765 0.00263874713594
716.0 0.000956101556399 0.00263877798399
717.0 0.000956111438863 0.00263880875614
718.0 0.00095612129924 0.00263883945271
719.0 0.000956131137611 0.00263887007402
720.0 0.000956140954059 0.00263890062037
721.0 0.000956150748665 0.00263893109209
722.0 0.000956160521511 0.00263896148949
723.0 0.000956170272677 0.00263899181286
724.0 0.000956180002244 0.00263902206253
725.0 0.000956189710291 0.00263905223879
726.0 0.000956199396899 0.00263908234194
727.0 0.000956209062146 0.00263911237229
728.0 0.000956218706111 0.00263914233014
729.0 0.000956228328872 0.00263917221579
730.0 0.000956237930508 0.00263920202952
731.0 0.000956247511094 0.00263923177164
732.0 0.00095625707071 0.00263926144243
733.0 0.000956266609431 0.00263929104219
734.0 0.000956276127334 0.00263932057121
735.0 0.000956285624494 0.00263935002977
736.0 0.000956295100987 0.00263937941815
737.0 0.000956304556889 0.00263940873665
738.0 0.000956313992273 0.00263943798554
739.0 0.000956323407215 0.00263946716511
740.0 0.000956332801788 0.00263949627563
741.0 0.000956342176066 0.00263952531738
742.0 0.000956351530123 0.00263955429063
743.0 0.00095636086403 0.00263958319566
744.0 0.000956370177861 0.00263961203275
745.0 0.000956379471688 0.00263964080216
746.0 0.000956388745582 0.00263966950416
747.0 0.000956397999615 0.00263969813902
748.0 0.000956407233858 0.00263972670701
749.0 0.000956416448382 0.00263975520838
750.0 0.000956425643256 0.00263978364341
751.0 0.000956434818552 0.00263981201236
752.0 0.000956443974338 0.00263984031548
753.0 0.000956453110685 0.00263986855304
754.0 0.00095646222766 0.00263989672528
755.0 0.000956471325332 0.00263992483247
756.0 0.000956480403771 0.00263995287487
757.0 0.000956489463043 0.00263998085272
758.0 0.000956498503216 0.00264000876627
759.0 0.000956507524357 0.00264003661578
760.0 0.000956516526535 0.00264006440149
761.0 0.000956525509814 0.00264009212366
762.0 0.000956534474261 0.00264011978252
763.0 0.000956543419943 0.00264014737832
764.0 0.000956552346924 0.00264017491131
765.0 0.00095656125527 0.00264020238173
766.0 0.000956570145047 0.00264022978981
767.0 0.000956579016318 0.0026402571358
768.0 0.000956587869148 0.00264028441993
769.0 0.000956596703602 0.00264031164245
770.0 0.000956605519742 0.00264033880358
771.0 0.000956614317632 0.00264036590356
772.0 0.000956623097336 0.00264039294262
773.0 0.000956631858916 0.002640419921
774.0 0.000956640602434 0.00264044683892
775.0 0.000956649327953 0.00264047369661
776.0 0.000956658035535 0.00264050049431
777.0 0.00095666672524 0.00264052723223
778.0 0.000956675397132 0.00264055391061
779.0 0.000956684051269 0.00264058052966
780.0 0.000956692687714 0.00264060708961
781.0 0.000956701306526 0.00264063359068
782.0 0.000956709907766 0.00264066003309
783.0 0.000956718491494 0.00264068641706
784.0 0.000956727057768 0.00264071274281
785.0 0.000956735606649 0.00264073901056
786.0 0.000956744138195 0.00264076522052
787.0 0.000956752652465 0.0026407913729
788.0 0.000956761149517 0.00264081746792
789.0 0.00095676962941 0.00264084350579
790.0 0.000956778092201 0.00264086948673
791.0 0.000956786537948 0.00264089541094
792.0 0.000956794966708 0.00264092127863
793.0 0.000956803378539 0.00264094709001
794.0 0.000956811773496 0.00264097284528
795.0 0.000956820151637 0.00264099854466
796.0 0.000956828513018 0.00264102418834
797.0 0.000956836857695 0.00264104977654
798.0 0.000956845185724 0.00264107530945
799.0 0.000956853497159 0.00264110078727
800.0 0.000956861792056 0.0026411262102
801.0 0.000956870070471 0.00264115157845
802.0 0.000956878332457 0.00264117689221
803.0 0.000956886578069 0.00264120215169
804.0 0.000956894807362 0.00264122735706
805.0 0.000956903020389 0.00264125250854
806.0 0.000956911217204 0.00264127760631
807.0 0.000956919397861 0.00264130265058
808.0 0.000956927562412 0.00264132764152
809.0 0.00095693571091 0.00264135257933
810.0 0.000956943843409 0.00264137746421
811.0 0.00095695195996 0.00264140229634
812.0 0.000956960060616 0.00264142707591
813.0 0.000956968145429 0.00264145180311
814.0 0.000956976214451 0.00264147647812
815.0 0.000956984267732 0.00264150110113
816.0 0.000956992305325 0.00264152567233
817.0 0.00095700032728 0.0026415501919
818.0 0.000957008333648 0.00264157466001
819.0 0.000957016324479 0.00264159907686
820.0 0.000957024299825 0.00264162344262
821.0 0.000957032259734 0.00264164775748
822.0 0.000957040204258 0.0026416720216
823.0 0.000957048133444 0.00264169623518
824.0 0.000957056047344 0.00264172039839
825.0 0.000957063946006 0.0026417445114
826.0 0.000957071829479 0.00264176857439
827.0 0.000957079697812 0.00264179258754
828.0 0.000957087551054 0.00264181655102
829.0 0.000957095389252 0.002641840465
830.0 0.000957103212455 0.00264186432965
831.0 0.00095711102071 0.00264188814514
832.0 0.000957118814066 0.00264191191166
833.0 0.00095712659257 0.00264193562935
834.0 0.000957134356268 0.00264195929841
835.0 0.000957142105209 0.00264198291898
836.0 0.000957149839438 0.00264200649124
837.0 0.000957157559004 0.00264203001536
838.0 0.00095716526395 0.0026420534915
839.0 0.000957172954325 0.00264207691982
840.0 0.000957180630175 0.00264210030049
841.0 0.000957188291543 0.00264212363368
842.0 0.000957195938478 0.00264214691954
843.0 0.000957203571023 0.00264217015823
844.0 0.000957211189224 0.00264219334992
845.0 0.000957218793127 0.00264221649477
846.0 0.000957226382775 0.00264223959293
847.0 0.000957233958213 0.00264226264457
848.0 0.000957241519486 0.00264228564984
849.0 0.000957249066638 0.0026423086089
850.0 0.000957256599714 0.00264233152191
851.0 0.000957264118756 0.00264235438901
852.0 0.000957271623808 0.00264237721037
853.0 0.000957279114914 0.00264239998614
854.0 0.000957286592118 0.00264242271646
855.0 0.000957294055461 0.00264244540151
856.0 0.000957301504988 0.00264246804142
857.0 0.00095730894074 0.00264249063634
858.0 0.00095731636276 0.00264251318644
859.0 0.000957323771091 0.00264253569185
860.0 0.000957331165775 0.00264255815272
861.0 0.000957338546853 0.00264258056921
862.0 0.000957345914368 0.00264260294147
863.0 0.00095735326836 0.00264262526962
864.0 0.000957360608872 0.00264264755384
865.0 0.000957367935945 0.00264266979425
866.0 0.000957375249619 0.00264269199101
867.0 0.000957382549936 0.00264271414425
868.0 0.000957389836936 0.00264273625413
869.0 0.000957397110659 0.00264275832078
870.0 0.000957404371147 0.00264278034435
871.0 0.000957411618439 0.00264280232497
872.0 0.000957418852576 0.0026428242628
873.0 0.000957426073596 0.00264284615796
874.0 0.000957433281541 0.0026428680106
875.0 0.000957440476449 0.00264288982086
876.0 0.000957447658359 0.00264291158887
877.0 0.000957454827312 0.00264293331477
878.0 0.000957461983345 0.0026429549987
879.0 0.000957469126498 0.0026429766408
880.0 0.000957476256809 0.0026429982412
881.0 0.000957483374318 0.00264301980003
882.0 0.000957490479061 0.00264304131744
883.0 0.000957497571078 0.00264306279355
884.0 0.000957504650407 0.00264308422849
885.0 0.000957511717084 0.00264310562241
886.0 0.000957518771149 0.00264312697542
887.0 0.000957525812639 0.00264314828767
888.0 0.00095753284159 0.00264316955929
889.0 0.000957539858041 0.00264319079039
890.0 0.000957546862028 0.00264321198112
891.0 0.000957553853589 0.0026432331316
892.0 0.00095756083276 0.00264325424197
893.0 0.000957567799577 0.00264327531234
894.0 0.000957574754077 0.00264329634285
895.0 0.000957581696297 0.00264331733362
896.0 0.000957588626273 0.00264333828477
897.0 0.00095759554404 0.00264335919644
898.0 0.000957602449635 0.00264338006875
899.0 0.000957609343094 0.00264340090183
900.0 0.000957616224451 0.00264342169579
901.0 0.000957623093742 0.00264344245076
902.0 0.000957629951003 0.00264346316686
903.0 0.000957636796269 0.00264348384422
904.0 0.000957643629575 0.00264350448296
905.0 0.000957650450955 0.0026435250832
906.0 0.000957657260445 0.00264354564505
907.0 0.000957664058079 0.00264356616864
908.0 0.00095767084389 0.00264358665409
909.0 0.000957677617915 0.00264360710152
910.0 0.000957684380186 0.00264362751104
911.0 0.000957691130739 0.00264364788278
912.0 0.000957697869606 0.00264366821685
913.0 0.000957704596821 0.00264368851336
914.0 0.000957711312418 0.00264370877244
915.0 0.000957718016431 0.0026437289942
916.0 0.000957724708893 0.00264374917876
917.0 0.000957731389837 0.00264376932622
918.0 0.000957738059296 0.00264378943671
919.0 0.000957744717303 0.00264380951034
920.0 0.00095775136389 0.00264382954723
921.0 0.000957757999092 0.00264384954747
922.0 0.000957764622939 0.0026438695112
923.0 0.000957771235465 0.00264388943851
924.0 0.000957777836701 0.00264390932952
925.0 0.000957784426681 0.00264392918435
926.0 0.000957791005435 0.0026439490031
927.0 0.000957797572996 0.00264396878588
928.0 0.000957804129395 0.0026439885328
929.0 0.000957810674665 0.00264400824397
930.0 0.000957817208837 0.0026440279195
931.0 0.000957823731941 0.0026440475595
932.0 0.00095783024401 0.00264406716408
933.0 0.000957836745074 0.00264408673333
934.0 0.000957843235165 0.00264410626738
935.0 0.000957849714313 0.00264412576632
936.0 0.00095785618255 0.00264414523026
937.0 0.000957862639905 0.00264416465931
938.0 0.000957869086409 0.00264418405357
939.0 0.000957875522093 0.00264420341315
940.0 0.000957881946988 0.00264422273814
941.0 0.000957888361122 0.00264424202866
942.0 0.000957894764527 0.00264426128481
943.0 0.000957901157232 0.00264428050668
944.0 0.000957907539267 0.00264429969439
945.0 0.000957913910662 0.00264431884803
946.0 0.000957920271446 0.0026443379677
947.0 0.000957926621648 0.00264435705351
948.0 0.000957932961299 0.00264437610556
949.0 0.000957939290427 0.00264439512395
950.0 0.000957945609062 0.00264441410877
951.0 0.000957951917232 0.00264443306012
952.0 0.000957958214967 0.00264445197812
953.0 0.000957964502295 0.00264447086284
954.0 0.000957970779245 0.0026444897144
955.0 0.000957977045845 0.00264450853288
956.0 0.000957983302124 0.00264452731839
957.0 0.00095798954811 0.00264454607103
958.0 0.000957995783832 0.00264456479088
959.0 0.000958002009318 0.00264458347805
960.0 0.000958008224595 0.00264460213264
961.0 0.000958014429692 0.00264462075472
962.0 0.000958020624636 0.00264463934441
963.0 0.000958026809455 0.0026446579018
964.0 0.000958032984177 0.00264467642698
965.0 0.000958039148829 0.00264469492004
966.0 0.000958045303438 0.00264471338107
967.0 0.000958051448033 0.00264473181018
968.0 0.000958057582639 0.00264475020745
969.0 0.000958063707285 0.00264476857298
970.0 0.000958069821996 0.00264478690685
971.0 0.000958075926801 0.00264480520916
972.0 0.000958082021725 0.00264482348
973.0 0.000958088106795 0.00264484171946
974.0 0.000958094182039 0.00264485992763
975.0 0.000958100247481 0.0026448781046
976.0 0.00095810630315 0.00264489625046
977.0 0.00095811234907 0.0026449143653
978.0 0.000958118385269 0.00264493244921
979.0 0.000958124411772 0.00264495050227
980.0 0.000958130428605 0.00264496852458
981.0 0.000958136435795 0.00264498651622
982.0 0.000958142433366 0.00264500447728
983.0 0.000958148421344 0.00264502240785
984.0 0.000958154399756 0.00264504030801
985.0 0.000958160368627 0.00264505817786
986.0 0.000958166327981 0.00264507601746
987.0 0.000958172277845 0.00264509382693
988.0 0.000958178218243 0.00264511160632
989.0 0.000958184149201 0.00264512935574
990.0 0.000958190070743 0.00264514707527
991.0 0.000958195982895 0.00264516476499
992.0 0.000958201885682 0.00264518242499
993.0 0.000958207779127 0.00264520005534
994.0 0.000958213663256 0.00264521765614
995.0 0.000958219538094 0.00264523522746
996.0 0.000958225403664 0.00264525276939
997.0 0.000958231259992 0.00264527028202
998.0 0.000958237107101 0.00264528776541
999.0 0.000958242945016 0.00264530521966
1000.0 0.00095824877376 0.00264532264484
1001.0 0.000958254593358 0.00264534004105
1002.0 0.000958260403834 0.00264535740834
1003.0 0.000958266205212 0.00264537474682
1004.0 0.000958271997514 0.00264539205656
1005.0 0.000958277780766 0.00264540933763
1006.0 0.00095828355499 0.00264542659012
1007.0 0.000958289320211 0.00264544381411
1008.0 0.00095829507645 0.00264546100968
1009.0 0.000958300823733 0.00264547817689
1010.0 0.000958306562081 0.00264549531585
1011.0 0.000958312291519 0.00264551242661
1012.0 0.000958318012069 0.00264552950926
1013.0 0.000958323723754 0.00264554656387
1014.0 0.000958329426598 0.00264556359053
1015.0 0.000958335120622 0.00264558058931
1016.0 0.00095834080585 0.00264559756028
1017.0 0.000958346482304 0.00264561450352
1018.0 0.000958352150007 0.00264563141912
1019.0 0.000958357808982 0.00264564830713
1020.0 0.00095836345925 0.00264566516765
1021.0 0.000958369100835 0.00264568200074
1022.0 0.000958374733758 0.00264569880647
1023.0 0.000958380358042 0.00264571558493
1024.0 0.000958385973708 0.00264573233619
1025.0 0.000958391580779 0.00264574906032
1026.0 0.000958397179277 0.00264576575739
1027.0 0.000958402769223 0.00264578242748
1028.0 0.000958408350639 0.00264579907066
1029.0 0.000958413923548 0.00264581568701
1030.0 0.00095841948797 0.00264583227659
1031.0 0.000958425043927 0.00264584883948
1032.0 0.00095843059144 0.00264586537575
1033.0 0.000958436130532 0.00264588188547
1034.0 0.000958441661223 0.00264589836871
1035.0 0.000958447183534 0.00264591482555
1036.0 0.000958452697488 0.00264593125605
1037.0 0.000958458203104 0.00264594766029
1038.0 0.000958463700403 0.00264596403833
1039.0 0.000958469189408 0.00264598039026
1040.0 0.000958474670138 0.00264599671612
1041.0 0.000958480142615 0.002646013016
1042.0 0.000958485606859 0.00264602928997
1043.0 0.00095849106289 0.00264604553809
1044.0 0.00095849651073 0.00264606176043
1045.0 0.000958501950399 0.00264607795706
1046.0 0.000958507381917 0.00264609412805
1047.0 0.000958512805305 0.00264611027347
1048.0 0.000958518220583 0.00264612639338
1049.0 0.000958523627771 0.00264614248786
1050.0 0.000958529026889 0.00264615855696
1051.0 0.000958534417958 0.00264617460076
1052.0 0.000958539800997 0.00264619061933
1053.0 0.000958545176026 0.00264620661272
1054.0 0.000958550543066 0.00264622258101
1055.0 0.000958555902135 0.00264623852425
1056.0 0.000958561253255 0.00264625444253
1057.0 0.000958566596443 0.0026462703359
1058.0 0.000958571931721 0.00264628620443
1059.0 0.000958577259107 0.00264630204818
1060.0 0.000958582578622 0.00264631786721
1061.0 0.000958587890283 0.0026463336616
1062.0 0.000958593194112 0.00264634943141
1063.0 0.000958598490126 0.0026463651767
1064.0 0.000958603778346 0.00264638089753
1065.0 0.000958609058789 0.00264639659397
1066.0 0.000958614331476 0.00264641226608
1067.0 0.000958619596426 0.00264642791392
1068.0 0.000958624853656 0.00264644353756
1069.0 0.000958630103187 0.00264645913707
1070.0 0.000958635345037 0.00264647471249
1071.0 0.000958640579224 0.0026464902639
1072.0 0.000958645805768 0.00264650579136
1073.0 0.000958651024687 0.00264652129492
1074.0 0.000958656235999 0.00264653677465
1075.0 0.000958661439723 0.00264655223062
1076.0 0.000958666635877 0.00264656766287
1077.0 0.000958671824481 0.00264658307148
1078.0 0.000958677005551 0.00264659845651
1079.0 0.000958682179106 0.002646613818
1080.0 0.000958687345165 0.00264662915604
1081.0 0.000958692503746 0.00264664447066
1082.0 0.000958697654866 0.00264665976194
1083.0 0.000958702798543 0.00264667502993
1084.0 0.000958707934796 0.0026466902747
1085.0 0.000958713063643 0.0026467054963
1086.0 0.0009587181851 0.00264672069479
1087.0 0.000958723299187 0.00264673587023
1088.0 0.00095872840592 0.00264675102268
1089.0 0.000958733505318 0.00264676615219
1090.0 0.000958738597397 0.00264678125883
1091.0 0.000958743682175 0.00264679634265
1092.0 0.00095874875967 0.00264681140371
1093.0 0.0009587538299 0.00264682644207
1094.0 0.00095875889288 0.00264684145778
1095.0 0.00095876394863 0.00264685645091
1096.0 0.000958768997165 0.0026468714215
1097.0 0.000958774038504 0.00264688636962
1098.0 0.000958779072663 0.00264690129532
1099.0 0.000958784099659 0.00264691619866
1100.0 0.000958789119509 0.0026469310797
1101.0 0.00095879413223 0.00264694593848
1102.0 0.00095879913784 0.00264696077507
1103.0 0.000958804136354 0.00264697558952
1104.0 0.00095880912779 0.00264699038189
1105.0 0.000958814112164 0.00264700515222
1106.0 0.000958819089494 0.00264701990059
1107.0 0.000958824059795 0.00264703462703
1108.0 0.000958829023084 0.00264704933161
1109.0 0.000958833979377 0.00264706401439
1110.0 0.000958838928692 0.0026470786754
1111.0 0.000958843871044 0.00264709331471
1112.0 0.00095884880645 0.00264710793238
1113.0 0.000958853734926 0.00264712252845
1114.0 0.000958858656488 0.00264713710297
1115.0 0.000958863571153 0.00264715165601
1116.0 0.000958868478936 0.00264716618762
1117.0 0.000958873379854 0.00264718069784
1118.0 0.000958878273922 0.00264719518673
1119.0 0.000958883161157 0.00264720965435
1120.0 0.000958888041575 0.00264722410074
1121.0 0.00095889291519 0.00264723852595
1122.0 0.00095889778202 0.00264725293005
1123.0 0.00095890264208 0.00264726731308
1124.0 0.000958907495385 0.00264728167508
1125.0 0.000958912341952 0.00264729601613
1126.0 0.000958917181795 0.00264731033625
1127.0 0.000958922014931 0.00264732463551
1128.0 0.000958926841374 0.00264733891396
1129.0 0.000958931661141 0.00264735317165
1130.0 0.000958936474247 0.00264736740862
1131.0 0.000958941280706 0.00264738162493
1132.0 0.000958946080535 0.00264739582063
1133.0 0.000958950873748 0.00264740999577
1134.0 0.000958955660361 0.0026474241504
1135.0 0.00095896044039 0.00264743828456
1136.0 0.000958965213848 0.00264745239831
1137.0 0.000958969980751 0.0026474664917
1138.0 0.000958974741114 0.00264748056477
1139.0 0.000958979494952 0.00264749461758
1140.0 0.000958984242281 0.00264750865017
1141.0 0.000958988983114 0.0026475226626
1142.0 0.000958993717466 0.0026475366549
1143.0 0.000958998445353 0.00264755062713
1144.0 0.000959003166789 0.00264756457934
1145.0 0.000959007881789 0.00264757851157
1146.0 0.000959012590367 0.00264759242388
1147.0 0.000959017292539 0.00264760631631
1148.0 0.000959021988317 0.0026476201889
1149.0 0.000959026677718 0.00264763404171
1150.0 0.000959031360755 0.00264764787479
1151.0 0.000959036037443 0.00264766168817
1152.0 0.000959040707796 0.00264767548191
1153.0 0.000959045371828 0.00264768925605
1154.0 0.000959050029555 0.00264770301064
1155.0 0.000959054680989 0.00264771674573
1156.0 0.000959059326145 0.00264773046136
1157.0 0.000959063965037 0.00264774415757
1158.0 0.00095906859768 0.00264775783443
1159.0 0.000959073224087 0.00264777149196
1160.0 0.000959077844273 0.00264778513022
1161.0 0.00095908245825 0.00264779874925
1162.0 0.000959087066034 0.00264781234909
1163.0 0.000959091667638 0.0026478259298
1164.0 0.000959096263075 0.00264783949141
1165.0 0.000959100852361 0.00264785303398
1166.0 0.000959105435507 0.00264786655754
1167.0 0.000959110012529 0.00264788006214
1168.0 0.000959114583439 0.00264789354783
1169.0 0.000959119148251 0.00264790701465
1170.0 0.00095912370698 0.00264792046264
1171.0 0.000959128259637 0.00264793389185
1172.0 0.000959132806238 0.00264794730232
1173.0 0.000959137346795 0.0026479606941
1174.0 0.000959141881321 0.00264797406722
1175.0 0.00095914640983 0.00264798742174
1176.0 0.000959150932336 0.00264800075769
1177.0 0.000959155448851 0.00264801407512
1178.0 0.000959159959389 0.00264802737408
1179.0 0.000959164463963 0.0026480406546
1180.0 0.000959168962586 0.00264805391672
1181.0 0.000959173455271 0.0026480671605
1182.0 0.000959177942031 0.00264808038597
1183.0 0.00095918242288 0.00264809359317
1184.0 0.00095918689783 0.00264810678215
1185.0 0.000959191366894 0.00264811995295
1186.0 0.000959195830085 0.00264813310561
1187.0 0.000959200287417 0.00264814624017
1188.0 0.000959204738901 0.00264815935668
1189.0 0.00095920918455 0.00264817245517
1190.0 0.000959213624378 0.00264818553569
1191.0 0.000959218058397 0.00264819859828
1192.0 0.00095922248662 0.00264821164297
1193.0 0.000959226909059 0.00264822466982
1194.0 0.000959231325727 0.00264823767886
1195.0 0.000959235736636 0.00264825067013
1196.0 0.0009592401418 0.00264826364367
1197.0 0.00095924454123 0.00264827659953
1198.0 0.000959248934938 0.00264828953774
1199.0 0.000959253322938 0.00264830245834
1200.0 0.000959257705242 0.00264831536138
1201.0 0.000942790287942 0.00263172061039
